# Created by Octave 8.4.0, Tue Jan 30 13:13:11 2024 CST <blazeyt@MacBook-Air-6.attlocal.net>
# name: S
# type: matrix
# rows: 2
# columns: 20
 0.23725429294049785 0.73745396459156043 1 0.92780760527133155 0.87473931756666801 0.78670630518702567 0.71611128366685894 0.65288192749700491 0.59244797444202857 0.53862537161112833 0.4883081155433287 0.44455783822159112 0.39632604162044638 0.36109508807738383 0.32417801836979188 0.29178683941962108 0.26108177663397969 0.23760926476460931 0.2142254958512668 0.18955495407552023
 0.033012379642365884 0.096685450592359223 0.13999201313395748 0.15982606380618539 0.16120157962461729 0.165993699250122 0.15969294937214359 0.14611527709988018 0.13639792341482893 0.12770111372409815 0.12171096419221725 0.11492212805608554 0.11013000843058081 0.10232062830012867 0.095842392510094507 0.090074100368283269 0.082175977281803245 0.07547588410169942 0.070683764476194705 0.065625415982606378


# name: p_hat
# type: scalar struct
# ndims: 2
 1 1
# length: 4
# name: kPL
# type: scalar
0.010851781218350374


# name: R1L
# type: scalar
0.020000000000000056


# name: Mz0_P
# type: scalar
0


# name: Mz0_L
# type: scalar
0.034011002838383236




# name: s_hat
# type: matrix
# ndims: 3
 1 1 20
 0.033272842267928184
 0.089345696952176951
 0.16327995941901918
 0.19262119186984697
 0.18794385149335302
 0.17514684769574068
 0.15945543500676107
 0.14524076058018068
 0.13214930752519882
 0.12007367837656387
 0.10903191187111962
 0.09904189571864444
 0.089398880574250925
 0.080586161376531393
 0.072837199642215217
 0.06555114357999374
 0.058865794797066454
 0.053058620845807598
 0.048013203605100772
 0.043012373410257487


# name: u_hat
# type: matrix
# rows: 1
# columns: 20
 0.18426714631335744 0.12029304919837507 0.013184606163882256 0.017104105757963423 0.0028202958846395829 0.0055401454698473752 0.0054039387378963825 0.0039507837896586209 0.0039412766173882599 0.0030985095936229101 0.0034625776911541583 0.00021066437569329483 0.0029077215469805974 0.00096227417814686808 0.0011270703420280103 0.00047161341662899146 0.0018230579686629171 0.000951323430713931 -0.00039862613121237101 0


# name: p_err
# type: scalar struct
# ndims: 2
 1 1
# length: 2
# name: objective_val
# type: scalar
0.0070646911154839415


# name: lactate
# type: scalar struct
# ndims: 2
 1 1
# length: 2
# name: Rsq
# type: scalar
0.73006326891935258


# name: CHIsq
# type: scalar
0.01907100204239276






