# Created by Octave 8.4.0, Sat Mar 30 11:11:05 2024 CDT <blazeyt@MacBook-Air-6.attlocal.net>
# name: S
# type: matrix
# rows: 2
# columns: 20
 0.23715502706540068 0.73746561363031327 1 0.92772206939391255 0.87465613630313255 0.7866270299050494 0.71603514065134444 0.65285295944626853 0.5924216878161328 0.53860147306770789 0.48828644955186795 0.44453811340846572 0.39630845682846755 0.3610790664655249 0.32416363475019966 0.29172952347147041 0.26107019256367026 0.23764309166740616 0.21421599077114206 0.18959091312450085
 0.033055284408554444 0.096636791197089358 0.14003017126630579 0.15986334191143847 0.16123879669890853 0.16598633419114386 0.15968586387434558 0.14606442452746474 0.13639187150590115 0.12769544768834856 0.12174993344573609 0.11491702901765906 0.1101251220161505 0.1023604578933357 0.095882509539444508 0.090070103824651707 0.082216700683290442 0.075516904783033106 0.070680628272251314 0.065578134705830154


# name: p_hat
# type: scalar struct
# ndims: 2
 1 1
# length: 4
# name: kPL
# type: scalar
0.010853070066868401


# name: R1L
# type: scalar
0.02


# name: Mz0_P
# type: scalar
0


# name: Mz0_L
# type: scalar
0.034044223573485209




# name: s_hat
# type: matrix
# ndims: 3
 1 1 20
 0.033305341994099895
 0.08935491495718037
 0.16330003356926151
 0.19263680553464557
 0.18795067134521093
 0.17515106543657566
 0.15945816426603621
 0.14524620529819057
 0.13215808989326822
 0.12008240407205882
 0.10903998051792418
 0.099049253561083156
 0.089405527075213154
 0.080592154106132824
 0.072842616133521415
 0.065552183018772747
 0.058865848632956221
 0.053065558236015289
 0.048020933155961391
 0.043020218731944899


# name: u_hat
# type: matrix
# rows: 1
# columns: 20
 0.18430280070053079 0.12029053585878488 0.013155886451432992 0.017102790844401135 0.0028195236286136594 0.0055391516199177716 0.0054184013364588059 0.0039514027796252989 0.0039418231835428776 0.0030990270902681851 0.0034630190902849786 0.00021119115555365061 0.0029080756644207996 0.00096266845938943542 0.0011118774002887623 0.00048577413897079333 0.0018388309066159206 0.00093774024174060893 -0.00038281530757103949 0


# name: p_err
# type: scalar struct
# ndims: 2
 1 1
# length: 2
# name: objective_val
# type: scalar
0.0070628974789707748


# name: lactate
# type: scalar struct
# ndims: 2
 1 1
# length: 2
# name: Rsq
# type: scalar
0.73009566644172985


# name: CHIsq
# type: scalar
0.019067283556140895






